0.00024640289720058 -0.000100845298866767 5.04153640527495e-07 -3.05469486246202e-05 -0.0192874763756587 0.00239058466306062 
-0.00325772676026863 7.87915692887567e-05 -2.19505384944482e-06 -3.12196039980451e-06 -1.10466282971402 0.00181573767927272 
-0.000330361422915738 0.000115615624217275 -1.52922175343433e-06 1.84840312498062e-05 -2.30421584679995 0.00052978209683649 
0.00213311843895295 -0.000141126000486561 -6.64019443135137e-07 2.55459901362581e-05 -3.62564251854057 0.00168917108528632 
0.00216815839827715 -0.000160007311667831 -2.54213407837653e-08 2.5398486334643e-05 -4.73888530614607 0.00176644919136229 
-0.00303503293152371 1.86340522970695e-05 8.87010569463967e-07 1.86063220903595e-05 -5.7872583760817 0.0014381917350628 
-0.00117077528104649 0.000124218446257512 1.95408467375678e-06 4.93754352168881e-06 -6.91961711010559 0.00090440472674333 
0.000909432040471625 -4.0919184607708e-05 1.82954536067151e-06 -1.60678385094303e-05 -8.28759493677403 0.000977666299265811 
0.00306370454459999 -0.00016453170319709 1.20453152379748e-06 -2.26586285676873e-05 -9.41599455436013 0.00142983838978729 
-0.00206183456280665 -2.1329696939746e-05 3.18536523928546e-07 -3.08100784360897e-05 -10.4625220013762 0.00169108250974368 
-0.00232875731813323 9.28521720011018e-05 -1.25325577550682e-06 -1.97674031094536e-05 -11.5759158236437 0.00159906489902092 
6.13835738392586e-05 6.83890598470668e-05 -1.77833976284826e-06 -2.1740609779589e-06 -12.9058997870236 0.000555158217705277 
0.00319162640609142 -0.000138069789849565 -1.99484243698308e-06 1.04440225454911e-05 -14.0955881514726 0.00177688434422623 
-8.3233093674477e-05 -7.89376443921276e-05 -1.74522010089208e-06 1.4428181467169e-05 -15.1777733212026 0.0023642230472601 
-0.00322014221518301 3.92965452278918e-05 -7.60658668889761e-07 2.59160290520547e-05 -16.2742818599756 0.00191121054350565 
-0.000599345037913347 0.000118493987734357 1.08086612047244e-06 2.48358942643153e-05 -17.5063236397942 0.000483068862207094 
0.00227019542177788 -0.000102249119266828 1.79491186414578e-06 8.59257062776934e-06 -18.7973623954369 0.00186574514785266 
0.00206053238568216 -0.000160806526920743 1.99402840685697e-06 -1.29794203014368e-06 -19.9071507616981 0.00201218255595124 
-0.00304778103966042 -1.97522272014777e-05 1.57695227541693e-06 -1.93582841770344e-05 -20.9634670203304 0.00153229906224978 
-0.00130196414469717 9.37240694182558e-05 5.02593865779485e-07 -2.5372987579086e-05 -22.1122534240694 0.000724418814741241 
0.000877104186479568 -6.68108317727206e-06 -5.92715557182568e-07 -2.43126043801248e-05 -23.4731926600289 0.00121688130958699 
0.00305790597923849 -0.000148626722710734 -1.25381045963394e-06 -1.81257907456174e-05 -24.5906780095524 0.00145482826820465 
-0.00217232778681893 -4.22283917649244e-05 -1.78554209803834e-06 -1.31056141402179e-05 -25.6308780777072 0.00150231779561856 
-0.00219031105034249 3.89859701641036e-05 -2.03610967612886e-06 1.23717400198433e-05 -26.745878404146 0.00129462664143704 
-0.000127079863754787 8.7804193900913e-05 -7.05051807343817e-07 2.82806238941779e-05 -28.10155218858 0.000677196599684263 
0.00325622546540813 -8.91176323467753e-05 -1.43737135348694e-07 2.95889136013094e-05 -29.2562593891117 0.00158118367373253 
-0.000607067988926179 -4.46466683567612e-05 5.69450918908474e-07 2.23527511175597e-05 -30.3170607036834 0.00210412546813846 
-0.00304805380028691 -4.77127355757653e-06 1.40308452658713e-06 8.71475046660048e-06 -31.4202453887719 0.00187296783832542 
-0.000804702151347236 0.000103390359592906 1.84963909692885e-06 -5.55885899401902e-06 -32.7032358832375 0.000472285457195882 
0.00263024161624341 -3.61733246949554e-05 1.41751243699862e-06 -2.027503282151e-05 -33.9399476355739 0.00193691116741525 
0.00150791442345332 -0.000101584832992174 1.16294328691662e-06 -2.6545799514361e-05 -35.035208735161 0.00235068375666253 
-0.003140164537885 -4.25707330436349e-05 -1.84045635110557e-07 -3.34391127409412e-05 -36.1080585318241 0.00177931008600384 
-0.00135353388918955 4.24781024663742e-05 -1.6409339418068e-06 -1.6594190931171e-05 -37.2990489091975 0.000530985603316515 
0.00125448834059531 2.49148876598562e-05 -1.81959078430556e-06 1.47195187168656e-06 -38.6241955819757 0.00165827832807011 
0.00284654074360782 -9.98596312878387e-05 -1.83196218855751e-06 9.60567990829162e-06 -39.7312300350418 0.00175399246884195 
-0.0024914672056017 -3.52717250749097e-05 -1.35221040576589e-06 1.45397488106355e-05 -40.7729031134435 0.00145862147067672 
-0.00190699302202093 -2.88512971820115e-05 -4.41617684400189e-07 2.60021456079264e-05 -41.9045688286039 0.000833179171752877 
3.36783535935246e-06 8.03889302368882e-05 1.12934745038996e-06 2.50890745558353e-05 -43.2716595759578 0.00104443524350793 
0.00324732685276418 -2.64526045883097e-05 1.45826879292385e-06 1.8454242152149e-05 -44.3890236212225 0.00142461073740756 
-0.00149599210282806 2.3309476761272e-05 2.06968947833862e-06 4.61784856733693e-06 -45.4252644033563 0.001569686214344 
-0.00252770753821835 -4.34196016617025e-05 1.68171011450971e-06 -1.78453676618633e-05 -46.5325329507463 0.0013539753646428 
-0.000801977364359028 5.79658553826433e-05 5.83187989938199e-07 -2.44775246098199e-05 -47.8839951205873 0.000637820326091962 
0.00308524957742035 3.34406418568758e-05 -1.37736868787462e-07 -2.59539123556488e-05 -49.0381741619141 0.001598347903497 
-0.00010068287816102 6.85774326276527e-05 -2.53213042304483e-07 -2.65562748949566e-05 -50.0920032806009 0.00209372553292691 
-0.00302977142173553 -7.11522979601406e-06 -1.41895655610341e-06 -2.03283165285282e-05 -51.1861915648128 0.00183692559535123 
-0.00129194541495305 -2.35316056026898e-05 -2.13485616594114e-06 4.52173018063292e-06 -52.4778157217061 0.000468723572863499 
0.00236044572628325 4.30109913617006e-05 -1.57479791387603e-06 2.06066946428495e-05 -53.697524570074 0.00191190064176166 
0.00152667973950706 4.94249494993118e-05 -1.17435059508559e-06 2.52256034700132e-05 -54.7770106928099 0.00239707902469976 
-0.003038552561853 4.28175781112781e-05 1.32342133340999e-07 2.43168949705148e-05 -55.8479013203778 0.00188265758863036 
-0.00161322083174222 -8.32383410713823e-05 1.1184063802753e-06 1.78995480465152e-05 -57.0652127263994 0.000466134338125766 
0.0011920075481814 1.37072478924825e-05 1.79503597810455e-06 8.7449962510705e-06 -58.3578051088056 0.00185884793417895 
0.00263694309405376 3.22769412188818e-05 1.83760422914516e-06 4.09406842667881e-06 -59.4509678918698 0.00206668947421653 
-0.00259712969833498 0.000108668132097339 2.15124395881513e-06 -1.13606727700236e-05 -60.4949885979563 0.00162677397851412 
-0.00189242765064796 -5.93038262985922e-05 9.20182228858931e-07 -2.92504405454202e-05 -61.6533626455167 0.000589116838187386 
8.52954989243323e-05 -4.33005532835887e-05 -6.32679290002689e-07 -2.55379899830481e-05 -62.9982188708193 0.00145648086565167 
0.00304773952429435 2.1412196111379e-05 -1.14674053318675e-06 -2.13420837690485e-05 -64.0958502649134 0.00163247470671959 
-0.00200363069942214 0.000158219776648757 -1.30008803344699e-06 -1.49598486784178e-05 -65.1241143249211 0.00145654196415361 
-0.00222158180198594 3.89206521918331e-05 -1.68847443156683e-06 -1.22589892662089e-06 -66.2462746737567 0.000814950941480594 
-0.000660473914658358 -0.000105329219340818 -1.64054674205955e-06 1.75507271377371e-05 -67.6133731777767 0.00104600170197899 
0.0030848602612167 -3.17003473669954e-05 -1.23431467107478e-06 2.48379986900135e-05 -68.7193666211752 0.0014355430432344 
-0.00135579453305146 0.000147832262121034 -6.52182157778728e-07 2.89392461821313e-05 -69.7434290168074 0.00149899369057236 
-0.00261180657475254 0.000143015811440279 1.06457239974187e-06 2.51010596226575e-05 -70.8452063706788 0.00111022917650885 
-0.00110165406330427 -0.000112300548446874 1.80207814319159e-06 6.43132215387473e-06 -72.2097383383859 0.000761226140777726 
0.00296493355247529 -0.000111269423055452 1.84776290169025e-06 -1.63355827918185e-07 -73.3325259233941 0.00145702493552563 
-0.000628099854127631 7.67784666503707e-05 1.77976901430273e-06 -5.34245136183416e-06 -74.3595082581896 0.00170581910997136 
-0.00298166181685327 0.000184864901030771 1.5704501631742e-06 -1.87225571995345e-05 -75.4483842579394 0.00141448907234675 
-0.00139482594847909 -3.77227342529089e-05 2.29708576272336e-07 -3.01923316859701e-05 -76.7944298884462 0.000589539702494066 
0.00275607229643571 -0.000163868842674442 -7.9716549810662e-07 -2.44943880708499e-05 -77.9405624354951 0.00159212982942384 
0.00016307660826487 -1.704332544325e-05 -1.14743633197791e-06 -2.38938605980884e-05 -78.9734779070267 0.00196810622627352 